<wxxml-symbols>FUNCTION: check_Var$TEMPLATE: check_Var(<test>, <options>)$FUNCTION: Zeichne$TEMPLATE: Zeichne(<gl>, <von>, <bis>, <[options]>)$FUNCTION: GlSys2$TEMPLATE: GlSys2(<gl1>, <gl2>)$FUNCTION: GlSys2Var$TEMPLATE: GlSys2Var(<gl1>, <gl2>, <a>, <b>)$FUNCTION: CreateFunktion$TEMPLATE: CreateFunktion(<p1>, <p2>, <f>)$FUNCTION: create_PythTriple$TEMPLATE: create_PythTriple(<grenze>)$FUNCTION: write_PythTriple$TEMPLATE: write_PythTriple(<file>, <data>)$pyth$grenze$data$file$i</wxxml-symbols>1000;750;1250
1000;225;1025
1000;0;1000
1000;-225;1025
1000;-750;1250
999;320;1049
999;0;999
999;-320;1049
998;0;998
997;0;997
996;747;1245
996;415;1079
996;0;996
996;-415;1079
996;-747;1245
995;0;995
994;0;994
993;0;993
992;744;1240
992;705;1217
992;0;992
992;-705;1217
992;-744;1240
991;0;991
990;864;1314
990;616;1166
990;528;1122
990;312;1038
990;200;1010
990;0;990
990;-200;1010
990;-312;1038
990;-528;1122
990;-616;1166
990;-864;1314
989;660;1189
989;0;989
989;-660;1189
988;741;1235
988;384;1060
988;315;1037
988;0;988
988;-315;1037
988;-384;1060
988;-741;1235
987;940;1363
987;884;1325
987;0;987
987;-884;1325
987;-940;1363
986;552;1130
986;0;986
986;-552;1130
985;0;985
984;738;1230
984;410;1066
984;287;1025
984;0;984
984;-287;1025
984;-410;1066
984;-738;1230
983;0;983
982;0;982
981;0;981
980;735;1225
980;357;1043
980;336;1036
980;0;980
980;-336;1036
980;-357;1043
980;-735;1225
979;0;979
978;0;978
977;0;977
976;732;1220
976;0;976
976;-732;1220
975;684;1191
975;520;1105
975;448;1073
975;140;985
975;0;975
975;-140;985
975;-448;1073
975;-520;1105
975;-684;1191
974;0;974
973;0;973
972;729;1215
972;405;1053
972;0;972
972;-405;1053
972;-729;1215
971;0;971
970;0;970
969;108;975
969;0;969
969;-108;975
968;726;1210
968;0;968
968;-726;1210
967;0;967
966;920;1334
966;88;970
966;0;966
966;-88;970
966;-920;1334
965;0;965
964;723;1205
964;0;964
964;-723;1205
963;0;963
962;0;962
961;0;961
960;952;1352
960;799;1249
960;720;1200
960;644;1156
960;512;1088
960;468;1068
960;400;1040
960;280;1000
960;216;984
960;176;976
960;62;962
960;0;960
960;-62;962
960;-176;976
960;-216;984
960;-280;1000
960;-400;1040
960;-468;1068
960;-512;1088
960;-644;1156
960;-720;1200
960;-799;1249
960;-952;1352
959;0;959
958;0;958
957;124;965
957;0;957
957;-124;965
956;717;1195
956;0;956
956;-717;1195
955;0;955
954;0;954
953;0;953
952;960;1352
952;714;1190
952;561;1105
952;495;1073
952;186;970
952;0;952
952;-186;970
952;-495;1073
952;-561;1105
952;-714;1190
952;-960;1352
951;0;951
950;264;986
950;0;950
950;-264;986
949;0;949
948;711;1185
948;395;1027
948;0;948
948;-395;1027
948;-711;1185
947;0;947
946;0;946
945;900;1305
945;792;1233
945;588;1113
945;504;1071
945;324;999
945;248;977
945;240;975
945;0;945
945;-240;975
945;-248;977
945;-324;999
945;-504;1071
945;-588;1113
945;-792;1233
945;-900;1305
944;708;1180
944;0;944
944;-708;1180
943;576;1105
943;0;943
943;-576;1105
942;0;942
941;0;941
940;987;1363
940;705;1175
940;0;940
940;-705;1175
940;-987;1363
939;0;939
938;0;938
937;0;937
936;845;1261
936;798;1230
936;702;1170
936;390;1014
936;352;1000
936;310;986
936;273;975
936;75;939
936;0;936
936;-75;939
936;-273;975
936;-310;986
936;-352;1000
936;-390;1014
936;-702;1170
936;-798;1230
936;-845;1261
935;816;1241
935;420;1025
935;0;935
935;-420;1025
935;-816;1241
934;0;934
933;0;933
932;699;1165
932;0;932
932;-699;1165
931;0;931
930;736;1186
930;496;1054
930;0;930
930;-496;1054
930;-736;1186
929;0;929
928;696;1160
928;585;1097
928;0;928
928;-585;1097
928;-696;1160
927;0;927
926;0;926
925;372;997
925;0;925
925;-372;997
924;893;1285
924;880;1276
924;693;1155
924;640;1124
924;595;1099
924;432;1020
924;385;1001
924;225;951
924;143;935
924;43;925
924;0;924
924;-43;925
924;-143;935
924;-225;951
924;-385;1001
924;-432;1020
924;-595;1099
924;-640;1124
924;-693;1155
924;-880;1276
924;-893;1285
923;0;923
922;0;922
921;0;921
920;966;1334
920;858;1258
920;690;1150
920;207;943
920;129;929
920;0;920
920;-129;929
920;-207;943
920;-690;1150
920;-858;1258
920;-966;1334
919;0;919
918;624;1110
918;440;1018
918;0;918
918;-440;1018
918;-624;1110
917;0;917
916;687;1145
916;0;916
916;-687;1145
915;488;1037
915;0;915
915;-488;1037
914;0;914
913;0;913
912;891;1275
912;684;1140
912;434;1010
912;380;988
912;266;950
912;215;937
912;0;912
912;-215;937
912;-266;950
912;-380;988
912;-434;1010
912;-684;1140
912;-891;1275
911;0;911
910;600;1090
910;312;962
910;0;910
910;-312;962
910;-600;1090
909;0;909
908;681;1135
908;0;908
908;-681;1135
907;0;907
906;0;906
905;0;905
904;678;1130
904;0;904
904;-678;1130
903;860;1247
903;704;1145
903;0;903
903;-704;1145
903;-860;1247
902;0;902
901;0;901
900;945;1305
900;675;1125
900;560;1060
900;480;1020
900;375;975
900;301;949
900;165;915
900;95;905
900;0;900
900;-95;905
900;-165;915
900;-301;949
900;-375;975
900;-480;1020
900;-560;1060
900;-675;1125
900;-945;1305
899;60;901
899;0;899
899;-60;901
898;0;898
897;540;1047
897;496;1025
897;0;897
897;-496;1025
897;-540;1047
896;828;1220
896;672;1120
896;528;1040
896;120;904
896;0;896
896;-120;904
896;-528;1040
896;-672;1120
896;-828;1220
895;0;895
894;0;894
893;924;1285
893;0;893
893;-924;1285
892;669;1115
892;0;892
892;-669;1115
891;912;1275
891;180;909
891;0;891
891;-180;909
891;-912;1275
890;0;890
889;0;889
888;666;1110
888;370;962
888;259;925
888;0;888
888;-259;925
888;-370;962
888;-666;1110
887;0;887
886;0;886
885;472;1003
885;0;885
885;-472;1003
884;987;1325
884;663;1105
884;387;965
884;240;916
884;0;884
884;-240;916
884;-387;965
884;-663;1105
884;-987;1325
883;0;883
882;840;1218
882;224;910
882;0;882
882;-224;910
882;-840;1218
881;0;881
880;924;1276
880;768;1168
880;660;1100
880;558;1042
880;429;979
880;285;925
880;198;902
880;84;884
880;0;880
880;-84;884
880;-198;902
880;-285;925
880;-429;979
880;-558;1042
880;-660;1100
880;-768;1168
880;-924;1276
879;0;879
878;0;878
877;0;877
876;657;1095
876;365;949
876;0;876
876;-365;949
876;-657;1095
875;300;925
875;0;875
875;-300;925
874;168;890
874;0;874
874;-168;890
873;0;873
872;654;1090
872;0;872
872;-654;1090
871;0;871
870;616;1066
870;464;986
870;0;870
870;-464;986
870;-616;1066
869;0;869
868;765;1157
868;651;1085
868;0;868
868;-651;1085
868;-765;1157
867;0;867
866;0;866
865;0;865
864;990;1314
864;780;1164
864;648;1080
864;525;1011
864;473;985
864;360;936
864;252;900
864;102;870
864;0;864
864;-102;870
864;-252;900
864;-360;936
864;-473;985
864;-525;1011
864;-648;1080
864;-780;1164
864;-990;1314
863;0;863
862;0;862
861;820;1189
861;620;1061
861;0;861
861;-620;1061
861;-820;1189
860;903;1247
860;645;1075
860;0;860
860;-645;1075
860;-903;1247
859;0;859
858;920;1258
858;144;870
858;0;858
858;-144;870
858;-920;1258
857;0;857
856;642;1070
856;0;856
856;-642;1070
855;832;1193
855;700;1105
855;532;1007
855;456;969
855;204;879
855;0;855
855;-204;879
855;-456;969
855;-532;1007
855;-700;1105
855;-832;1193
854;0;854
853;0;853
852;639;1065
852;355;923
852;0;852
852;-355;923
852;-639;1065
851;420;949
851;0;851
851;-420;949
850;336;914
850;0;850
850;-336;914
849;0;849
848;636;1060
848;0;848
848;-636;1060
847;396;935
847;0;847
847;-396;935
846;0;846
845;936;1261
845;0;845
845;-936;1261
844;633;1055
844;0;844
844;-633;1055
843;0;843
842;0;842
841;0;841
840;882;1218
840;833;1183
840;800;1160
840;704;1096
840;682;1082
840;630;1050
840;559;1009
840;495;975
840;475;965
840;448;952
840;350;910
840;306;894
840;288;888
840;245;875
840;189;861
840;154;854
840;130;850
840;58;842
840;41;841
840;0;840
840;-41;841
840;-58;842
840;-130;850
840;-154;854
840;-189;861
840;-245;875
840;-288;888
840;-306;894
840;-350;910
840;-448;952
840;-475;965
840;-495;975
840;-559;1009
840;-630;1050
840;-682;1082
840;-704;1096
840;-800;1160
840;-833;1183
840;-882;1218
839;0;839
838;0;838
837;116;845
837;0;837
837;-116;845
836;627;1045
836;480;964
836;123;845
836;0;836
836;-123;845
836;-480;964
836;-627;1045
835;0;835
834;0;834
833;840;1183
833;0;833
833;-840;1183
832;855;1193
832;624;1040
832;420;932
832;174;850
832;0;832
832;-174;850
832;-420;932
832;-624;1040
832;-855;1193
831;0;831
830;0;830
829;0;829
828;896;1220
828;621;1035
828;345;897
828;205;853
828;0;828
828;-205;853
828;-345;897
828;-621;1035
828;-896;1220
827;0;827
826;0;826
825;756;1119
825;720;1095
825;440;935
825;260;865
825;232;857
825;0;825
825;-232;857
825;-260;865
825;-440;935
825;-720;1095
825;-756;1119
824;618;1030
824;0;824
824;-618;1030
823;0;823
822;0;822
821;0;821
820;861;1189
820;615;1025
820;0;820
820;-615;1025
820;-861;1189
819;780;1131
819;540;981
819;408;915
819;308;875
819;208;845
819;0;819
819;-208;845
819;-308;875
819;-408;915
819;-540;981
819;-780;1131
818;0;818
817;744;1105
817;0;817
817;-744;1105
816;935;1241
816;675;1059
816;612;1020
816;340;884
816;290;866
816;287;865
816;238;850
816;0;816
816;-238;850
816;-287;865
816;-290;866
816;-340;884
816;-612;1020
816;-675;1059
816;-935;1241
815;0;815
814;0;814
813;0;813
812;645;1037
812;609;1015
812;0;812
812;-609;1015
812;-645;1037
811;0;811
810;504;954
810;432;918
810;0;810
810;-432;918
810;-504;954
809;0;809
808;606;1010
808;0;808
808;-606;1010
807;0;807
806;792;1130
806;0;806
806;-792;1130
805;348;877
805;276;851
805;0;805
805;-276;851
805;-348;877
804;603;1005
804;335;871
804;0;804
804;-335;871
804;-603;1005
803;0;803
802;0;802
801;0;801
800;840;1160
800;600;1000
800;390;890
800;369;881
800;180;820
800;0;800
800;-180;820
800;-369;881
800;-390;890
800;-600;1000
800;-840;1160
799;960;1249
799;0;799
799;-960;1249
798;936;1230
798;760;1102
798;80;802
798;0;798
798;-80;802
798;-760;1102
798;-936;1230
797;0;797
796;597;995
796;0;796
796;-597;995
795;424;901
795;0;795
795;-424;901
794;0;794
793;0;793
792;945;1233
792;806;1130
792;715;1067
792;594;990
792;510;942
792;406;890
792;330;858
792;231;825
792;160;808
792;69;795
792;0;792
792;-69;795
792;-160;808
792;-231;825
792;-330;858
792;-406;890
792;-510;942
792;-594;990
792;-715;1067
792;-806;1130
792;-945;1233
791;0;791
790;0;790
789;0;789
788;591;985
788;0;788
788;-591;985
787;0;787
786;0;786
785;0;785
784;588;980
784;462;910
784;105;791
784;0;784
784;-105;791
784;-462;910
784;-588;980
783;56;785
783;0;783
783;-56;785
782;240;818
782;0;782
782;-240;818
781;0;781
780;864;1164
780;819;1131
780;731;1069
780;665;1025
780;585;975
780;451;901
780;416;884
780;325;845
780;207;807
780;143;793
780;112;788
780;0;780
780;-112;788
780;-143;793
780;-207;807
780;-325;845
780;-416;884
780;-451;901
780;-585;975
780;-665;1025
780;-731;1069
780;-819;1131
780;-864;1164
779;660;1021
779;0;779
779;-660;1021
778;0;778
777;740;1073
777;464;905
777;0;777
777;-464;905
777;-740;1073
776;582;970
776;0;776
776;-582;970
775;168;793
775;0;775
775;-168;793
774;0;774
773;0;773
772;579;965
772;0;772
772;-579;965
771;0;771
770;672;1022
770;360;850
770;264;814
770;0;770
770;-264;814
770;-360;850
770;-672;1022
769;0;769
768;880;1168
768;576;960
768;320;832
768;224;800
768;0;768
768;-224;800
768;-320;832
768;-576;960
768;-880;1168
767;0;767
766;0;766
765;868;1157
765;520;925
765;476;901
765;408;867
765;96;771
765;0;765
765;-96;771
765;-408;867
765;-476;901
765;-520;925
765;-868;1157
764;573;955
764;0;764
764;-573;955
763;0;763
762;0;762
761;0;761
760;798;1102
760;570;950
760;522;922
760;171;779
760;39;761
760;0;760
760;-39;761
760;-171;779
760;-522;922
760;-570;950
760;-798;1102
759;612;975
759;280;809
759;0;759
759;-280;809
759;-612;975
758;0;758
757;0;757
756;825;1119
756;720;1044
756;567;945
756;533;925
756;345;831
756;315;819
756;192;780
756;117;765
756;0;756
756;-117;765
756;-192;780
756;-315;819
756;-345;831
756;-533;925
756;-567;945
756;-720;1044
756;-825;1119
755;0;755
754;672;1010
754;0;754
754;-672;1010
753;0;753
752;564;940
752;0;752
752;-564;940
751;0;751
750;1000;1250
750;400;850
750;0;750
750;-400;850
750;-1000;1250
749;0;749
748;561;935
748;336;820
748;195;773
748;0;748
748;-195;773
748;-336;820
748;-561;935
747;996;1245
747;0;747
747;-996;1245
746;0;746
745;0;745
744;992;1240
744;817;1105
744;558;930
744;310;806
744;217;775
744;0;744
744;-217;775
744;-310;806
744;-558;930
744;-817;1105
744;-992;1240
743;0;743
742;0;742
741;988;1235
741;580;941
741;288;795
741;0;741
741;-288;795
741;-580;941
741;-988;1235
740;777;1073
740;555;925
740;0;740
740;-555;925
740;-777;1073
739;0;739
738;984;1230
738;0;738
738;-984;1230
737;0;737
736;930;1186
736;552;920
736;273;785
736;0;736
736;-273;785
736;-552;920
736;-930;1186
735;980;1225
735;700;1015
735;616;959
735;392;833
735;252;777
735;0;735
735;-252;777
735;-392;833
735;-616;959
735;-700;1015
735;-980;1225
734;0;734
733;0;733
732;976;1220
732;549;915
732;305;793
732;0;732
732;-305;793
732;-549;915
732;-976;1220
731;780;1069
731;0;731
731;-780;1069
730;0;730
729;972;1215
729;0;729
729;-972;1215
728;615;953
728;546;910
728;480;872
728;429;845
728;54;730
728;0;728
728;-54;730
728;-429;845
728;-480;872
728;-546;910
728;-615;953
727;0;727
726;968;1210
726;0;726
726;-968;1210
725;108;733
725;0;725
725;-108;733
724;543;905
724;0;724
724;-543;905
723;964;1205
723;0;723
723;-964;1205
722;0;722
721;0;721
720;960;1200
720;825;1095
720;756;1044
720;714;1014
720;650;970
720;638;962
720;540;900
720;483;867
720;448;848
720;384;816
720;351;801
720;300;780
720;210;750
720;162;738
720;132;732
720;85;725
720;76;724
720;0;720
720;-76;724
720;-85;725
720;-132;732
720;-162;738
720;-210;750
720;-300;780
720;-351;801
720;-384;816
720;-448;848
720;-483;867
720;-540;900
720;-638;962
720;-650;970
720;-714;1014
720;-756;1044
720;-825;1095
720;-960;1200
719;0;719
718;0;718
717;956;1195
717;0;717
717;-956;1195
716;537;895
716;0;716
716;-537;895
715;792;1067
715;624;949
715;120;725
715;0;715
715;-120;725
715;-624;949
715;-792;1067
714;952;1190
714;720;1014
714;680;986
714;152;730
714;0;714
714;-152;730
714;-680;986
714;-720;1014
714;-952;1190
713;216;745
713;0;713
713;-216;745
712;534;890
712;0;712
712;-534;890
711;948;1185
711;0;711
711;-948;1185
710;0;710
709;0;709
708;944;1180
708;531;885
708;295;767
708;0;708
708;-295;767
708;-531;885
708;-944;1180
707;0;707
706;0;706
705;992;1217
705;940;1175
705;376;799
705;0;705
705;-376;799
705;-940;1175
705;-992;1217
704;903;1145
704;840;1096
704;528;880
704;270;754
704;228;740
704;0;704
704;-228;740
704;-270;754
704;-528;880
704;-840;1096
704;-903;1145
703;504;865
703;0;703
703;-504;865
702;936;1170
702;560;898
702;264;750
702;0;702
702;-264;750
702;-560;898
702;-936;1170
701;0;701
700;855;1105
700;735;1015
700;525;875
700;429;821
700;255;745
700;240;740
700;0;700
700;-240;740
700;-255;745
700;-429;821
700;-525;875
700;-735;1015
700;-855;1105
699;932;1165
699;0;699
699;-932;1165
698;0;698
697;696;985
697;0;697
697;-696;985
696;928;1160
696;697;985
696;522;870
696;290;754
696;203;725
696;0;696
696;-203;725
696;-290;754
696;-522;870
696;-697;985
696;-928;1160
695;0;695
694;0;694
693;924;1155
693;660;957
693;480;843
693;324;765
693;176;715
693;140;707
693;0;693
693;-140;707
693;-176;715
693;-324;765
693;-480;843
693;-660;957
693;-924;1155
692;519;865
692;0;692
692;-519;865
691;0;691
690;920;1150
690;368;782
690;304;754
690;0;690
690;-304;754
690;-368;782
690;-920;1150
689;0;689
688;516;860
688;0;688
688;-516;860
687;916;1145
687;0;687
687;-916;1145
686;0;686
685;0;685
684;975;1191
684;912;1140
684;560;884
684;513;855
684;285;741
684;37;685
684;0;684
684;-37;685
684;-285;741
684;-513;855
684;-560;884
684;-912;1140
684;-975;1191
683;0;683
682;840;1082
682;0;682
682;-840;1082
681;908;1135
681;0;681
681;-908;1135
680;714;986
680;510;850
680;378;778
680;153;697
680;111;689
680;0;680
680;-111;689
680;-153;697
680;-378;778
680;-510;850
680;-714;986
679;0;679
678;904;1130
678;0;678
678;-904;1130
677;0;677
676;507;845
676;0;676
676;-507;845
675;900;1125
675;816;1059
675;420;795
675;360;765
675;52;677
675;0;675
675;-52;677
675;-360;765
675;-420;795
675;-816;1059
675;-900;1125
674;0;674
673;0;673
672;896;1120
672;770;1022
672;754;1010
672;640;928
672;621;915
672;504;840
672;396;780
672;380;772
672;280;728
672;196;700
672;185;697
672;104;680
672;90;678
672;0;672
672;-90;678
672;-104;680
672;-185;697
672;-196;700
672;-280;728
672;-380;772
672;-396;780
672;-504;840
672;-621;915
672;-640;928
672;-754;1010
672;-770;1022
672;-896;1120
671;0;671
670;0;670
669;892;1115
669;0;669
669;-892;1115
668;501;835
668;0;668
668;-501;835
667;156;685
667;0;667
667;-156;685
666;888;1110
666;0;666
666;-888;1110
665;780;1025
665;432;793
665;228;703
665;0;665
665;-228;703
665;-432;793
665;-780;1025
664;498;830
664;0;664
664;-498;830
663;884;1105
663;616;905
663;180;687
663;0;663
663;-180;687
663;-616;905
663;-884;1105
662;0;662
661;0;661
660;989;1189
660;880;1100
660;779;1021
660;693;957
660;576;876
660;495;825
660;425;785
660;352;748
660;275;715
660;259;709
660;208;692
660;121;671
660;63;663
660;0;660
660;-63;663
660;-121;671
660;-208;692
660;-259;709
660;-275;715
660;-352;748
660;-425;785
660;-495;825
660;-576;876
660;-693;957
660;-779;1021
660;-880;1100
660;-989;1189
659;0;659
658;0;658
657;876;1095
657;0;657
657;-876;1095
656;492;820
656;0;656
656;-492;820
655;0;655
654;872;1090
654;0;654
654;-872;1090
653;0;653
652;489;815
652;0;652
652;-489;815
651;868;1085
651;620;899
651;260;701
651;0;651
651;-260;701
651;-620;899
651;-868;1085
650;720;970
650;456;794
650;0;650
650;-456;794
650;-720;970
649;0;649
648;864;1080
648;585;873
648;486;810
648;270;702
648;189;675
648;0;648
648;-189;675
648;-270;702
648;-486;810
648;-585;873
648;-864;1080
647;0;647
646;72;650
646;0;646
646;-72;650
645;860;1075
645;812;1037
645;344;731
645;0;645
645;-344;731
645;-812;1037
645;-860;1075
644;960;1156
644;483;805
644;333;725
644;0;644
644;-333;725
644;-483;805
644;-960;1156
643;0;643
642;856;1070
642;0;642
642;-856;1070
641;0;641
640;924;1124
640;672;928
640;480;800
640;312;712
640;144;656
640;0;640
640;-144;656
640;-312;712
640;-480;800
640;-672;928
640;-924;1124
639;852;1065
639;0;639
639;-852;1065
638;720;962
638;0;638
638;-720;962
637;420;763
637;0;637
637;-420;763
636;848;1060
636;477;795
636;265;689
636;0;636
636;-265;689
636;-477;795
636;-848;1060
635;0;635
634;0;634
633;844;1055
633;0;633
633;-844;1055
632;474;790
632;0;632
632;-474;790
631;0;631
630;840;1050
630;600;870
630;528;822
630;392;742
630;336;714
630;216;666
630;160;650
630;0;630
630;-160;650
630;-216;666
630;-336;714
630;-392;742
630;-528;822
630;-600;870
630;-840;1050
629;540;829
629;0;629
629;-540;829
628;471;785
628;0;628
628;-471;785
627;836;1045
627;364;725
627;360;723
627;0;627
627;-360;723
627;-364;725
627;-836;1045
626;0;626
625;0;625
624;918;1110
624;832;1040
624;715;949
624;532;820
624;468;780
624;407;745
624;315;699
624;260;676
624;182;650
624;50;626
624;0;624
624;-50;626
624;-182;650
624;-260;676
624;-315;699
624;-407;745
624;-468;780
624;-532;820
624;-715;949
624;-832;1040
624;-918;1110
623;0;623
622;0;622
621;828;1035
621;672;915
621;100;629
621;0;621
621;-100;629
621;-672;915
621;-828;1035
620;861;1061
620;651;899
620;465;775
620;0;620
620;-465;775
620;-651;899
620;-861;1061
619;0;619
618;824;1030
618;0;618
618;-824;1030
617;0;617
616;990;1166
616;870;1066
616;735;959
616;663;905
616;462;770
616;363;715
616;288;680
616;150;634
616;0;616
616;-150;634
616;-288;680
616;-363;715
616;-462;770
616;-663;905
616;-735;959
616;-870;1066
616;-990;1166
615;820;1025
615;728;953
615;328;697
615;0;615
615;-328;697
615;-728;953
615;-820;1025
614;0;614
613;0;613
612;816;1020
612;759;975
612;459;765
612;416;740
612;255;663
612;35;613
612;0;612
612;-35;613
612;-255;663
612;-416;740
612;-459;765
612;-759;975
612;-816;1020
611;0;611
610;0;610
609;812;1015
609;580;841
609;200;641
609;0;609
609;-200;641
609;-580;841
609;-812;1015
608;594;850
608;456;760
608;105;617
608;0;608
608;-105;617
608;-456;760
608;-594;850
607;0;607
606;808;1010
606;0;606
606;-808;1010
605;528;803
605;0;605
605;-528;803
604;453;755
604;0;604
604;-453;755
603;804;1005
603;0;603
603;-804;1005
602;0;602
601;0;601
600;910;1090
600;800;1000
600;630;870
600;595;845
600;481;769
600;450;750
600;320;680
600;250;650
600;175;625
600;135;615
600;110;610
600;0;600
600;-110;610
600;-135;615
600;-175;625
600;-250;650
600;-320;680
600;-450;750
600;-481;769
600;-595;845
600;-630;870
600;-800;1000
600;-910;1090
599;0;599
598;360;698
598;0;598
598;-360;698
597;796;995
597;0;597
597;-796;995
596;447;745
596;0;596
596;-447;745
595;924;1099
595;600;845
595;468;757
595;204;629
595;0;595
595;-204;629
595;-468;757
595;-600;845
595;-924;1099
594;792;990
594;608;850
594;120;606
594;0;594
594;-120;606
594;-608;850
594;-792;990
593;0;593
592;444;740
592;0;592
592;-444;740
591;788;985
591;0;591
591;-788;985
590;0;590
589;300;661
589;0;589
589;-300;661
588;945;1113
588;784;980
588;560;812
588;441;735
588;245;637
588;91;595
588;0;588
588;-91;595
588;-245;637
588;-441;735
588;-560;812
588;-784;980
588;-945;1113
587;0;587
586;0;586
585;928;1097
585;780;975
585;648;873
585;364;689
585;312;663
585;220;625
585;84;591
585;0;585
585;-84;591
585;-220;625
585;-312;663
585;-364;689
585;-648;873
585;-780;975
585;-928;1097
584;438;730
584;0;584
584;-438;730
583;0;583
582;776;970
582;0;582
582;-776;970
581;0;581
580;741;941
580;609;841
580;435;725
580;0;580
580;-435;725
580;-609;841
580;-741;941
579;772;965
579;0;579
579;-772;965
578;0;578
577;0;577
576;943;1105
576;768;960
576;660;876
576;520;776
576;432;720
576;350;674
576;240;624
576;168;600
576;68;580
576;0;576
576;-68;580
576;-168;600
576;-240;624
576;-350;674
576;-432;720
576;-520;776
576;-660;876
576;-768;960
576;-943;1105
575;48;577
575;0;575
575;-48;577
574;0;574
573;764;955
573;0;573
573;-764;955
572;555;797
572;429;715
572;315;653
572;96;580
572;0;572
572;-96;580
572;-315;653
572;-429;715
572;-555;797
571;0;571
570;760;950
570;304;646
570;136;586
570;0;570
570;-136;586
570;-304;646
570;-760;950
569;0;569
568;426;710
568;0;568
568;-426;710
567;756;945
567;540;783
567;144;585
567;0;567
567;-144;585
567;-540;783
567;-756;945
566;0;566
565;0;565
564;752;940
564;423;705
564;235;611
564;0;564
564;-235;611
564;-423;705
564;-752;940
563;0;563
562;0;562
561;952;1105
561;748;935
561;400;689
561;252;615
561;0;561
561;-252;615
561;-400;689
561;-748;935
561;-952;1105
560;900;1060
560;702;898
560;684;884
560;588;812
560;420;700
560;330;650
560;273;623
560;204;596
560;192;592
560;126;574
560;75;565
560;0;560
560;-75;565
560;-126;574
560;-192;592
560;-204;596
560;-273;623
560;-330;650
560;-420;700
560;-588;812
560;-684;884
560;-702;898
560;-900;1060
559;840;1009
559;0;559
559;-840;1009
558;880;1042
558;744;930
558;0;558
558;-744;930
558;-880;1042
557;0;557
556;417;695
556;0;556
556;-417;695
555;740;925
555;572;797
555;296;629
555;0;555
555;-296;629
555;-572;797
555;-740;925
554;0;554
553;0;553
552;986;1130
552;736;920
552;414;690
552;385;673
552;230;598
552;161;575
552;0;552
552;-161;575
552;-230;598
552;-385;673
552;-414;690
552;-736;920
552;-986;1130
551;240;601
551;0;551
551;-240;601
550;504;746
550;480;730
550;0;550
550;-480;730
550;-504;746
549;732;915
549;0;549
549;-732;915
548;411;685
548;0;548
548;-411;685
547;0;547
546;728;910
546;520;754
546;360;654
546;272;610
546;0;546
546;-272;610
546;-360;654
546;-520;754
546;-728;910
545;0;545
544;450;706
544;408;680
544;33;545
544;0;544
544;-33;545
544;-408;680
544;-450;706
543;724;905
543;0;543
543;-724;905
542;0;542
541;0;541
540;897;1047
540;819;981
540;720;900
540;629;829
540;567;783
540;405;675
540;336;636
540;288;612
540;225;585
540;99;549
540;57;543
540;0;540
540;-57;543
540;-99;549
540;-225;585
540;-288;612
540;-336;636
540;-405;675
540;-567;783
540;-629;829
540;-720;900
540;-819;981
540;-897;1047
539;252;595
539;0;539
539;-252;595
538;0;538
537;716;895
537;0;537
537;-716;895
536;402;670
536;0;536
536;-402;670
535;0;535
534;712;890
534;0;534
534;-712;890
533;756;925
533;0;533
533;-756;925
532;855;1007
532;624;820
532;399;665
532;165;557
532;0;532
532;-165;557
532;-399;665
532;-624;820
532;-855;1007
531;708;885
531;0;531
531;-708;885
530;0;530
529;0;529
528;990;1122
528;896;1040
528;704;880
528;630;822
528;605;803
528;455;697
528;396;660
528;340;628
528;220;572
528;171;555
528;154;550
528;46;530
528;0;528
528;-46;530
528;-154;550
528;-171;555
528;-220;572
528;-340;628
528;-396;660
528;-455;697
528;-605;803
528;-630;822
528;-704;880
528;-896;1040
528;-990;1122
527;336;625
527;0;527
527;-336;625
526;0;526
525;864;1011
525;700;875
525;500;725
525;440;685
525;280;595
525;180;555
525;92;533
525;0;525
525;-92;533
525;-180;555
525;-280;595
525;-440;685
525;-500;725
525;-700;875
525;-864;1011
524;393;655
524;0;524
524;-393;655
523;0;523
522;760;922
522;696;870
522;0;522
522;-696;870
522;-760;922
521;0;521
520;975;1105
520;765;925
520;576;776
520;546;754
520;390;650
520;231;569
520;138;538
520;117;533
520;0;520
520;-117;533
520;-138;538
520;-231;569
520;-390;650
520;-546;754
520;-576;776
520;-765;925
520;-975;1105
519;692;865
519;0;519
519;-692;865
518;0;518
517;0;517
516;688;860
516;387;645
516;215;559
516;0;516
516;-215;559
516;-387;645
516;-688;860
515;0;515
514;0;514
513;684;855
513;420;663
513;184;545
513;0;513
513;-184;545
513;-420;663
513;-684;855
512;960;1088
512;384;640
512;0;512
512;-384;640
512;-960;1088
511;0;511
510;792;942
510;680;850
510;272;578
510;64;514
510;0;510
510;-64;514
510;-272;578
510;-680;850
510;-792;942
509;0;509
508;381;635
508;0;508
508;-381;635
507;676;845
507;0;507
507;-676;845
506;408;650
506;0;506
506;-408;650
505;0;505
504;945;1071
504;810;954
504;703;865
504;672;840
504;550;746
504;480;696
504;455;679
504;378;630
504;297;585
504;285;579
504;230;554
504;210;546
504;147;525
504;128;520
504;78;510
504;0;504
504;-78;510
504;-128;520
504;-147;525
504;-210;546
504;-230;554
504;-285;579
504;-297;585
504;-378;630
504;-455;679
504;-480;696
504;-550;746
504;-672;840
504;-703;865
504;-810;954
504;-945;1071
503;0;503
502;0;502
501;668;835
501;0;501
501;-668;835
500;525;725
500;375;625
500;0;500
500;-375;625
500;-525;725
499;0;499
498;664;830
498;0;498
498;-664;830
497;0;497
496;930;1054
496;897;1025
496;372;620
496;0;496
496;-372;620
496;-897;1025
496;-930;1054
495;952;1073
495;840;975
495;660;825
495;432;657
495;308;583
495;264;561
495;156;519
495;100;505
495;0;495
495;-100;505
495;-156;519
495;-264;561
495;-308;583
495;-432;657
495;-660;825
495;-840;975
495;-952;1073
494;192;530
494;0;494
494;-192;530
493;276;565
493;0;493
493;-276;565
492;656;820
492;369;615
492;205;533
492;0;492
492;-205;533
492;-369;615
492;-656;820
491;0;491
490;168;518
490;0;490
490;-168;518
489;652;815
489;0;489
489;-652;815
488;915;1037
488;366;610
488;0;488
488;-366;610
488;-915;1037
487;0;487
486;648;810
486;0;486
486;-648;810
485;0;485
484;363;605
484;0;484
484;-363;605
483;720;867
483;644;805
483;460;667
483;44;485
483;0;483
483;-44;485
483;-460;667
483;-644;805
483;-720;867
482;0;482
481;600;769
481;0;481
481;-600;769
480;900;1020
480;836;964
480;728;872
480;693;843
480;640;800
480;550;730
480;504;696
480;476;676
480;360;600
480;322;578
480;256;544
480;234;534
480;200;520
480;140;500
480;108;492
480;88;488
480;31;481
480;0;480
480;-31;481
480;-88;488
480;-108;492
480;-140;500
480;-200;520
480;-234;534
480;-256;544
480;-322;578
480;-360;600
480;-476;676
480;-504;696
480;-550;730
480;-640;800
480;-693;843
480;-728;872
480;-836;964
480;-900;1020
479;0;479
478;0;478
477;636;795
477;0;477
477;-636;795
476;765;901
476;480;676
476;357;595
476;93;485
476;0;476
476;-93;485
476;-357;595
476;-480;676
476;-765;901
475;840;965
475;132;493
475;0;475
475;-132;493
475;-840;965
474;632;790
474;0;474
474;-632;790
473;864;985
473;0;473
473;-864;985
472;885;1003
472;354;590
472;0;472
472;-354;590
472;-885;1003
471;628;785
471;0;471
471;-628;785
470;0;470
469;0;469
468;960;1068
468;624;780
468;595;757
468;399;615
468;351;585
468;195;507
468;176;500
468;155;493
468;0;468
468;-155;493
468;-176;500
468;-195;507
468;-351;585
468;-399;615
468;-595;757
468;-624;780
468;-960;1068
467;0;467
466;0;466
465;620;775
465;368;593
465;248;527
465;0;465
465;-248;527
465;-368;593
465;-620;775
464;870;986
464;777;905
464;348;580
464;0;464
464;-348;580
464;-777;905
464;-870;986
463;0;463
462;784;910
462;616;770
462;440;638
462;320;562
462;216;510
462;0;462
462;-216;510
462;-320;562
462;-440;638
462;-616;770
462;-784;910
461;0;461
460;483;667
460;429;629
460;345;575
460;0;460
460;-345;575
460;-429;629
460;-483;667
459;612;765
459;312;555
459;220;509
459;0;459
459;-220;509
459;-312;555
459;-612;765
458;0;458
457;0;457
456;855;969
456;650;794
456;608;760
456;342;570
456;217;505
456;190;494
456;133;475
456;0;456
456;-133;475
456;-190;494
456;-217;505
456;-342;570
456;-608;760
456;-650;794
456;-855;969
455;528;697
455;504;679
455;300;545
455;156;481
455;0;455
455;-156;481
455;-300;545
455;-504;679
455;-528;697
454;0;454
453;604;755
453;0;453
453;-604;755
452;339;565
452;0;452
452;-339;565
451;780;901
451;0;451
451;-780;901
450;600;750
450;544;706
450;280;530
450;240;510
450;0;450
450;-240;510
450;-280;530
450;-544;706
450;-600;750
449;0;449
448;975;1073
448;840;952
448;720;848
448;414;610
448;336;560
448;264;520
448;60;452
448;0;448
448;-60;452
448;-264;520
448;-336;560
448;-414;610
448;-720;848
448;-840;952
448;-975;1073
447;596;745
447;0;447
447;-596;745
446;0;446
445;0;445
444;592;740
444;333;555
444;185;481
444;0;444
444;-185;481
444;-333;555
444;-592;740
443;0;443
442;120;458
442;0;442
442;-120;458
441;588;735
441;420;609
441;112;455
441;0;441
441;-112;455
441;-420;609
441;-588;735
440;918;1018
440;825;935
440;525;685
440;462;638
440;384;584
440;330;550
440;279;521
440;99;451
440;42;442
440;0;440
440;-42;442
440;-99;451
440;-279;521
440;-330;550
440;-384;584
440;-462;638
440;-525;685
440;-825;935
440;-918;1018
439;0;439
438;584;730
438;0;438
438;-584;730
437;84;445
437;0;437
437;-84;445
436;327;545
436;0;436
436;-327;545
435;580;725
435;308;533
435;232;493
435;0;435
435;-232;493
435;-308;533
435;-580;725
434;912;1010
434;0;434
434;-912;1010
433;0;433
432;924;1020
432;810;918
432;665;793
432;576;720
432;495;657
432;390;582
432;324;540
432;180;468
432;126;450
432;51;435
432;0;432
432;-51;435
432;-126;450
432;-180;468
432;-324;540
432;-390;582
432;-495;657
432;-576;720
432;-665;793
432;-810;918
432;-924;1020
431;0;431
430;0;430
429;880;979
429;728;845
429;700;821
429;572;715
429;460;629
429;72;435
429;0;429
429;-72;435
429;-460;629
429;-572;715
429;-700;821
429;-728;845
429;-880;979
428;321;535
428;0;428
428;-321;535
427;0;427
426;568;710
426;0;426
426;-568;710
425;660;785
425;168;457
425;0;425
425;-168;457
425;-660;785
424;795;901
424;318;530
424;0;424
424;-318;530
424;-795;901
423;564;705
423;0;423
423;-564;705
422;0;422
421;0;421
420;935;1025
420;851;949
420;832;932
420;675;795
420;637;763
420;560;700
420;513;663
420;441;609
420;400;580
420;352;548
420;341;541
420;315;525
420;224;476
420;175;455
420;153;447
420;144;444
420;77;427
420;65;425
420;29;421
420;0;420
420;-29;421
420;-65;425
420;-77;427
420;-144;444
420;-153;447
420;-175;455
420;-224;476
420;-315;525
420;-341;541
420;-352;548
420;-400;580
420;-441;609
420;-513;663
420;-560;700
420;-637;763
420;-675;795
420;-832;932
420;-851;949
420;-935;1025
419;0;419
418;240;482
418;0;418
418;-240;482
417;556;695
417;0;417
417;-556;695
416;780;884
416;612;740
416;312;520
416;210;466
416;87;425
416;0;416
416;-87;425
416;-210;466
416;-312;520
416;-612;740
416;-780;884
415;996;1079
415;0;415
415;-996;1079
414;552;690
414;448;610
414;0;414
414;-448;610
414;-552;690
413;0;413
412;309;515
412;0;412
412;-309;515
411;548;685
411;0;411
411;-548;685
410;984;1066
410;0;410
410;-984;1066
409;0;409
408;819;915
408;765;867
408;544;680
408;506;650
408;306;510
408;170;442
408;145;433
408;119;425
408;0;408
408;-119;425
408;-145;433
408;-170;442
408;-306;510
408;-506;650
408;-544;680
408;-765;867
408;-819;915
407;624;745
407;0;407
407;-624;745
406;792;890
406;0;406
406;-792;890
405;972;1053
405;540;675
405;252;477
405;216;459
405;0;405
405;-216;459
405;-252;477
405;-540;675
405;-972;1053
404;303;505
404;0;404
404;-303;505
403;396;565
403;0;403
403;-396;565
402;536;670
402;0;402
402;-536;670
401;0;401
400;960;1040
400;750;850
400;561;689
400;420;580
400;300;500
400;195;445
400;90;410
400;0;400
400;-90;410
400;-195;445
400;-300;500
400;-420;580
400;-561;689
400;-750;850
400;-960;1040
399;532;665
399;468;615
399;380;551
399;40;401
399;0;399
399;-40;401
399;-380;551
399;-468;615
399;-532;665
398;0;398
397;0;397
396;847;935
396;672;780
396;528;660
396;403;565
396;297;495
396;255;471
396;203;445
396;165;429
396;80;404
396;0;396
396;-80;404
396;-165;429
396;-203;445
396;-255;471
396;-297;495
396;-403;565
396;-528;660
396;-672;780
396;-847;935
395;948;1027
395;0;395
395;-948;1027
394;0;394
393;524;655
393;0;393
393;-524;655
392;735;833
392;630;742
392;294;490
392;231;455
392;0;392
392;-231;455
392;-294;490
392;-630;742
392;-735;833
391;120;409
391;0;391
391;-120;409
390;936;1014
390;800;890
390;520;650
390;432;582
390;208;442
390;56;394
390;0;390
390;-56;394
390;-208;442
390;-432;582
390;-520;650
390;-800;890
390;-936;1014
389;0;389
388;291;485
388;0;388
388;-291;485
387;884;965
387;516;645
387;0;387
387;-516;645
387;-884;965
386;0;386
385;924;1001
385;552;673
385;336;511
385;180;425
385;132;407
385;0;385
385;-132;407
385;-180;425
385;-336;511
385;-552;673
385;-924;1001
384;988;1060
384;720;816
384;512;640
384;440;584
384;288;480
384;160;416
384;112;400
384;0;384
384;-112;400
384;-160;416
384;-288;480
384;-440;584
384;-512;640
384;-720;816
384;-988;1060
383;0;383
382;0;382
381;508;635
381;0;381
381;-508;635
380;912;988
380;672;772
380;399;551
380;285;475
380;261;461
380;0;380
380;-261;461
380;-285;475
380;-399;551
380;-672;772
380;-912;988
379;0;379
378;680;778
378;504;630
378;360;522
378;96;390
378;0;378
378;-96;390
378;-360;522
378;-504;630
378;-680;778
377;336;505
377;0;377
377;-336;505
376;705;799
376;282;470
376;0;376
376;-282;470
376;-705;799
375;900;975
375;500;625
375;200;425
375;0;375
375;-200;425
375;-500;625
375;-900;975
374;168;410
374;0;374
374;-168;410
373;0;373
372;925;997
372;496;620
372;279;465
372;155;403
372;0;372
372;-155;403
372;-279;465
372;-496;620
372;-925;997
371;0;371
370;888;962
370;0;370
370;-888;962
369;800;881
369;492;615
369;0;369
369;-492;615
369;-800;881
368;690;782
368;465;593
368;276;460
368;0;368
368;-276;460
368;-465;593
368;-690;782
367;0;367
366;488;610
366;0;366
366;-488;610
365;876;949
365;0;365
365;-876;949
364;627;725
364;585;689
364;273;455
364;240;436
364;27;365
364;0;364
364;-27;365
364;-240;436
364;-273;455
364;-585;689
364;-627;725
363;616;715
363;484;605
363;0;363
363;-484;605
363;-616;715
362;0;362
361;0;361
360;864;936
360;770;850
360;675;765
360;627;723
360;598;698
360;546;654
360;480;600
360;378;522
360;357;507
360;325;485
360;319;481
360;270;450
360;224;424
360;192;408
360;150;390
360;105;375
360;81;369
360;66;366
360;38;362
360;0;360
360;-38;362
360;-66;366
360;-81;369
360;-105;375
360;-150;390
360;-192;408
360;-224;424
360;-270;450
360;-319;481
360;-325;485
360;-357;507
360;-378;522
360;-480;600
360;-546;654
360;-598;698
360;-627;723
360;-675;765
360;-770;850
360;-864;936
359;0;359
358;0;358
357;980;1043
357;476;595
357;360;507
357;340;493
357;76;365
357;0;357
357;-76;365
357;-340;493
357;-360;507
357;-476;595
357;-980;1043
356;267;445
356;0;356
356;-267;445
355;852;923
355;0;355
355;-852;923
354;472;590
354;0;354
354;-472;590
353;0;353
352;936;1000
352;660;748
352;420;548
352;264;440
352;135;377
352;114;370
352;0;352
352;-114;370
352;-135;377
352;-264;440
352;-420;548
352;-660;748
352;-936;1000
351;720;801
351;468;585
351;280;449
351;132;375
351;0;351
351;-132;375
351;-280;449
351;-468;585
351;-720;801
350;840;910
350;576;674
350;120;370
350;0;350
350;-120;370
350;-576;674
350;-840;910
349;0;349
348;805;877
348;464;580
348;261;435
348;145;377
348;0;348
348;-145;377
348;-261;435
348;-464;580
348;-805;877
347;0;347
346;0;346
345;828;897
345;756;831
345;460;575
345;184;391
345;152;377
345;0;345
345;-152;377
345;-184;391
345;-460;575
345;-756;831
345;-828;897
344;645;731
344;258;430
344;0;344
344;-258;430
344;-645;731
343;0;343
342;456;570
342;280;442
342;0;342
342;-280;442
342;-456;570
341;420;541
341;0;341
341;-420;541
340;816;884
340;528;628
340;357;493
340;255;425
340;189;389
340;0;340
340;-189;389
340;-255;425
340;-357;493
340;-528;628
340;-816;884
339;452;565
339;0;339
339;-452;565
338;0;338
337;0;337
336;980;1036
336;850;914
336;748;820
336;630;714
336;540;636
336;527;625
336;448;560
336;385;511
336;377;505
336;320;464
336;252;420
336;198;390
336;190;386
336;140;364
336;98;350
336;52;340
336;45;339
336;0;336
336;-45;339
336;-52;340
336;-98;350
336;-140;364
336;-190;386
336;-198;390
336;-252;420
336;-320;464
336;-377;505
336;-385;511
336;-448;560
336;-527;625
336;-540;636
336;-630;714
336;-748;820
336;-850;914
336;-980;1036
335;804;871
335;0;335
335;-804;871
334;0;334
333;644;725
333;444;555
333;0;333
333;-444;555
333;-644;725
332;249;415
332;0;332
332;-249;415
331;0;331
330;792;858
330;560;650
330;440;550
330;288;438
330;176;374
330;104;346
330;0;330
330;-104;346
330;-176;374
330;-288;438
330;-440;550
330;-560;650
330;-792;858
329;0;329
328;615;697
328;246;410
328;0;328
328;-246;410
328;-615;697
327;436;545
327;0;327
327;-436;545
326;0;326
325;780;845
325;360;485
325;228;397
325;0;325
325;-228;397
325;-360;485
325;-780;845
324;945;999
324;693;765
324;432;540
324;243;405
324;135;351
324;0;324
324;-135;351
324;-243;405
324;-432;540
324;-693;765
324;-945;999
323;36;325
323;0;323
323;-36;325
322;480;578
322;0;322
322;-480;578
321;428;535
321;0;321
321;-428;535
320;999;1049
320;768;832
320;600;680
320;462;562
320;336;464
320;240;400
320;156;356
320;72;328
320;0;320
320;-72;328
320;-156;356
320;-240;400
320;-336;464
320;-462;562
320;-600;680
320;-768;832
320;-999;1049
319;360;481
319;0;319
319;-360;481
318;424;530
318;0;318
318;-424;530
317;0;317
316;237;395
316;0;316
316;-237;395
315;988;1037
315;756;819
315;624;699
315;572;653
315;420;525
315;300;435
315;264;411
315;196;371
315;168;357
315;108;333
315;80;325
315;0;315
315;-80;325
315;-108;333
315;-168;357
315;-196;371
315;-264;411
315;-300;435
315;-420;525
315;-572;653
315;-624;699
315;-756;819
315;-988;1037
314;0;314
313;0;313
312;990;1038
312;910;962
312;640;712
312;585;663
312;459;555
312;416;520
312;266;410
312;234;390
312;130;338
312;91;325
312;25;313
312;0;312
312;-25;313
312;-91;325
312;-130;338
312;-234;390
312;-266;410
312;-416;520
312;-459;555
312;-585;663
312;-640;712
312;-910;962
312;-990;1038
311;0;311
310;936;986
310;744;806
310;0;310
310;-744;806
310;-936;986
309;412;515
309;0;309
309;-412;515
308;819;875
308;495;583
308;435;533
308;231;385
308;144;340
308;75;317
308;0;308
308;-75;317
308;-144;340
308;-231;385
308;-435;533
308;-495;583
308;-819;875
307;0;307
306;840;894
306;408;510
306;208;370
306;0;306
306;-208;370
306;-408;510
306;-840;894
305;732;793
305;0;305
305;-732;793
304;690;754
304;570;646
304;297;425
304;228;380
304;0;304
304;-228;380
304;-297;425
304;-570;646
304;-690;754
303;404;505
303;0;303
303;-404;505
302;0;302
301;900;949
301;0;301
301;-900;949
300;875;925
300;720;780
300;589;661
300;455;545
300;400;500
300;315;435
300;225;375
300;160;340
300;125;325
300;55;305
300;0;300
300;-55;305
300;-125;325
300;-160;340
300;-225;375
300;-315;435
300;-400;500
300;-455;545
300;-589;661
300;-720;780
300;-875;925
299;180;349
299;0;299
299;-180;349
298;0;298
297;504;585
297;396;495
297;304;425
297;60;303
297;0;297
297;-60;303
297;-304;425
297;-396;495
297;-504;585
296;555;629
296;222;370
296;0;296
296;-222;370
296;-555;629
295;708;767
295;0;295
295;-708;767
294;392;490
294;280;406
294;0;294
294;-280;406
294;-392;490
293;0;293
292;219;365
292;0;292
292;-219;365
291;388;485
291;0;291
291;-388;485
290;816;866
290;696;754
290;0;290
290;-696;754
290;-816;866
289;0;289
288;840;888
288;741;795
288;616;680
288;540;612
288;384;480
288;330;438
288;260;388
288;216;360
288;175;337
288;120;312
288;84;300
288;34;290
288;0;288
288;-34;290
288;-84;300
288;-120;312
288;-175;337
288;-216;360
288;-260;388
288;-330;438
288;-384;480
288;-540;612
288;-616;680
288;-741;795
288;-840;888
287;984;1025
287;816;865
287;0;287
287;-816;865
287;-984;1025
286;48;290
286;0;286
286;-48;290
285;880;925
285;684;741
285;504;579
285;380;475
285;152;323
285;68;293
285;0;285
285;-68;293
285;-152;323
285;-380;475
285;-504;579
285;-684;741
285;-880;925
284;213;355
284;0;284
284;-213;355
283;0;283
282;376;470
282;0;282
282;-376;470
281;0;281
280;960;1000
280;759;809
280;672;728
280;525;595
280;450;530
280;351;449
280;342;442
280;294;406
280;210;350
280;165;325
280;102;298
280;96;296
280;63;287
280;0;280
280;-63;287
280;-96;296
280;-102;298
